-0.236339 -0.739241 0


-1.02445e-09 -0.666667 11
-0.4 -0.6 5
-0.309017 -0.951057 4
-1.02445e-09 -0.666667 11


0.103006 -0.872574 1


0.309017 -0.951057 2
-1.02445e-09 -0.666667 11
1.4836e-15 -1 3
0.309017 -0.951057 2


-0.2 -0.577778 2


-0.2 -0.466667 10
-0.4 -0.6 5
-1.02445e-09 -0.666667 11
-0.2 -0.466667 10


-0.0666667 -0.488889 3


-1.02445e-09 -0.333333 18
-0.2 -0.466667 10
-1.02445e-09 -0.666667 11
-1.02445e-09 -0.333333 18


-0.166667 -0.333333 4


-1.02445e-09 -0.333333 18
-0.3 -0.2 17
-0.2 -0.466667 10
-1.02445e-09 -0.333333 18


0.1 -0.177778 5


0.3 -0.2 22
-1.02445e-09 -1.02445e-09 26
-1.02445e-09 -0.333333 18
0.3 -0.2 22


0.366667 -0.355556 6


0.6 -0.4 14
0.3 -0.2 22
0.2 -0.466667 13
0.6 -0.4 14


0.850352 0.14745 7


0.6 0.133333 31
1 0 29
0.951057 0.309017 36
0.6 0.133333 31


0.5 -0.244444 8


0.6 -0.4 14
0.6 -0.133333 23
0.3 -0.2 22
0.6 -0.4 14


0.717019 -0.280783 9


0.6 -0.4 14
0.951057 -0.309017 21
0.6 -0.133333 23
0.6 -0.4 14


-0.1 -0.177778 10


-1.02445e-09 -1.02445e-09 26
-0.3 -0.2 17
-1.02445e-09 -0.333333 18
-1.02445e-09 -1.02445e-09 26


0.166667 -0.333333 11


0.2 -0.466667 13
0.3 -0.2 22
-1.02445e-09 -0.333333 18
0.2 -0.466667 13


-0.5 0.3 12


-0.3 0.366667 32
-0.6 0.4 27
-0.6 0.133333 24
-0.3 0.366667 32


-0.2 0.261111 13


-1.02445e-09 0.333333 33
-0.3 0.366667 32
-0.3 0.0833333 25
-1.02445e-09 0.333333 33


-0.1 0.455556 14


-1.02445e-09 0.333333 33
-1.02445e-09 0.666667 39
-0.3 0.366667 32
-1.02445e-09 0.333333 33


0.733333 -6.83e-10 15


0.6 0.133333 31
0.6 -0.133333 23
1 0 29
0.6 0.133333 31


0.5 0.3 16


0.3 0.366667 37
0.6 0.133333 31
0.6 0.4 38
0.3 0.366667 37


0.4 -0.0833333 17


0.3 0.0833333 30
0.3 -0.2 22
0.6 -0.133333 23
0.3 0.0833333 30


0.4 0.194444 18


0.3 0.366667 37
0.3 0.0833333 30
0.6 0.133333 31
0.3 0.366667 37


0.2 0.261111 19


0.3 0.366667 37
-1.02445e-09 0.333333 33
0.3 0.0833333 30
0.3 0.366667 37


-0.233333 0.544444 20


-1.02445e-09 0.666667 39
-0.4 0.6 34
-0.3 0.366667 32
-1.02445e-09 0.666667 39


-0.103006 0.872574 21


-7.72418e-16 1 40
-0.309017 0.951057 35
-1.02445e-09 0.666667 39
-7.72418e-16 1 40


0.603006 0.529262 22


0.809017 0.587785 41
0.4 0.6 42
0.6 0.4 38
0.809017 0.587785 41


0.236339 0.739241 23


0.309017 0.951057 43
-1.02445e-09 0.666667 39
0.4 0.6 42
0.309017 0.951057 43


-0.433333 0.455556 24


-0.4 0.6 34
-0.6 0.4 27
-0.3 0.366667 32
-0.4 0.6 34


-0.432267 -0.786691 25


-0.587785 -0.809017 1
-0.309017 -0.951057 4
-0.4 -0.6 5
-0.587785 -0.809017 1


-0.665601 -0.598934 26


-0.6 -0.4 9
-0.809017 -0.587785 0
-0.587785 -0.809017 1
-0.6 -0.4 9


-0.529262 -0.603006 27


-0.4 -0.6 5
-0.6 -0.4 9
-0.587785 -0.809017 1
-0.4 -0.6 5


-0.103006 -0.872574 28


1.4836e-15 -1 3
-1.02445e-09 -0.666667 11
-0.309017 -0.951057 4
1.4836e-15 -1 3


0.236339 -0.739241 29


-1.02445e-09 -0.666667 11
0.309017 -0.951057 2
0.4 -0.6 7
-1.02445e-09 -0.666667 11


-0.786691 -0.432267 30


-0.6 -0.4 9
-0.951057 -0.309017 8
-0.809017 -0.587785 0
-0.6 -0.4 9


0.432267 -0.786691 31


0.309017 -0.951057 2
0.587785 -0.809017 6
0.4 -0.6 7
0.309017 -0.951057 2


-0.717019 -0.280783 32


-0.6 -0.133333 16
-0.951057 -0.309017 8
-0.6 -0.4 9
-0.6 -0.133333 16


-0.5 -0.244444 33


-0.3 -0.2 17
-0.6 -0.133333 16
-0.6 -0.4 9
-0.3 -0.2 17


-0.733333 -1.366e-09 34


-0.6 0.133333 24
-1 -1.54484e-15 15
-0.6 -0.133333 16
-0.6 0.133333 24


-0.717019 0.280783 35


-0.6 0.133333 24
-0.6 0.4 27
-0.951057 0.309017 19
-0.6 0.133333 24


-0.850352 -0.14745 36


-0.951057 -0.309017 8
-0.6 -0.133333 16
-1 -1.54484e-15 15
-0.951057 -0.309017 8


-0.4 0.194444 37


-0.3 0.0833333 25
-0.3 0.366667 32
-0.6 0.133333 24
-0.3 0.0833333 25


-0.5 0.0277778 38


-0.6 -0.133333 16
-0.3 0.0833333 25
-0.6 0.133333 24
-0.6 -0.133333 16


-0.2 -0.0388889 39


-0.3 -0.2 17
-1.02445e-09 -1.02445e-09 26
-0.3 0.0833333 25
-0.3 -0.2 17


-0.4 -0.488889 40


-0.4 -0.6 5
-0.2 -0.466667 10
-0.6 -0.4 9
-0.4 -0.6 5


-0.1 0.138889 41


-1.02445e-09 -1.02445e-09 26
-1.02445e-09 0.333333 33
-0.3 0.0833333 25
-1.02445e-09 -1.02445e-09 26


-0.236339 0.739241 42


-0.309017 0.951057 35
-0.4 0.6 34
-1.02445e-09 0.666667 39
-0.309017 0.951057 35


-0.432267 0.786691 43


-0.309017 0.951057 35
-0.587785 0.809017 28
-0.4 0.6 34
-0.309017 0.951057 35


-0.4 -0.0833333 44


-0.3 -0.2 17
-0.3 0.0833333 25
-0.6 -0.133333 16
-0.3 -0.2 17


-0.529262 0.603006 45


-0.6 0.4 27
-0.4 0.6 34
-0.587785 0.809017 28
-0.6 0.4 27


-0.665601 0.598934 46


-0.6 0.4 27
-0.587785 0.809017 28
-0.809017 0.587785 20
-0.6 0.4 27


-0.786691 0.432267 47


-0.951057 0.309017 19
-0.6 0.4 27
-0.809017 0.587785 20
-0.951057 0.309017 19


-0.366667 -0.355556 48


-0.3 -0.2 17
-0.6 -0.4 9
-0.2 -0.466667 10
-0.3 -0.2 17


-0.850352 0.14745 49


-0.6 0.133333 24
-0.951057 0.309017 19
-1 -1.54484e-15 15
-0.6 0.133333 24


0.1 0.138889 50


0.3 0.0833333 30
-1.02445e-09 0.333333 33
-1.02445e-09 -1.02445e-09 26
0.3 0.0833333 30


0.2 -0.0388889 51


0.3 -0.2 22
0.3 0.0833333 30
-1.02445e-09 -1.02445e-09 26
0.3 -0.2 22


0.433333 0.455556 52


0.6 0.4 38
0.4 0.6 42
0.3 0.366667 37
0.6 0.4 38


0.598934 0.665601 53


0.587785 0.809017 44
0.4 0.6 42
0.809017 0.587785 41
0.587785 0.809017 44


0.432267 0.786691 54


0.587785 0.809017 44
0.309017 0.951057 43
0.4 0.6 42
0.587785 0.809017 44


0.717019 0.280783 55


0.6 0.4 38
0.6 0.133333 31
0.951057 0.309017 36
0.6 0.4 38


0.603006 -0.529262 56


0.809017 -0.587785 12
0.6 -0.4 14
0.4 -0.6 7
0.809017 -0.587785 12


0.850352 -0.14745 57


0.951057 -0.309017 21
1 0 29
0.6 -0.133333 23
0.951057 -0.309017 21


0.0666667 -0.488889 58


0.2 -0.466667 13
-1.02445e-09 -0.333333 18
-1.02445e-09 -0.666667 11
0.2 -0.466667 13


0.2 -0.577778 59


0.4 -0.6 7
0.2 -0.466667 13
-1.02445e-09 -0.666667 11
0.4 -0.6 7


0.4 -0.488889 60


0.4 -0.6 7
0.6 -0.4 14
0.2 -0.466667 13
0.4 -0.6 7


0.598934 -0.665601 61


0.809017 -0.587785 12
0.4 -0.6 7
0.587785 -0.809017 6
0.809017 -0.587785 12


0.786691 -0.432267 62


0.809017 -0.587785 12
0.951057 -0.309017 21
0.6 -0.4 14
0.809017 -0.587785 12


0.1 0.455556 63


-1.02445e-09 0.333333 33
0.3 0.366667 37
-1.02445e-09 0.666667 39
-1.02445e-09 0.333333 33


0.233333 0.544444 64


0.3 0.366667 37
0.4 0.6 42
-1.02445e-09 0.666667 39
0.3 0.366667 37


0.5 0.0277778 65


0.3 0.0833333 30
0.6 -0.133333 23
0.6 0.133333 31
0.3 0.0833333 30


0.786691 0.432267 66


0.951057 0.309017 36
0.809017 0.587785 41
0.6 0.4 38
0.951057 0.309017 36


0.103006 0.872574 67


-7.72418e-16 1 40
-1.02445e-09 0.666667 39
0.309017 0.951057 43
-7.72418e-16 1 40


